0 0.079691 0.459673 0.158687 0.414988
0 0.101673 0.715456 0.167366 0.550839
0 0.862279 0.451827 0.157429 0.409955
0 0.664450 0.445933 0.112673 0.403285
0 0.273183 0.199126 0.082589 0.317341
0 0.219917 0.378052 0.094374 0.419732
1 0.866817 0.571081 0.172658 0.418869
5 0.222484 0.489248 0.069898 0.279746
0 0.252237 0.091050 0.179613 0.182101
1 0.679705 0.624730 0.140071 0.268013
1 0.975653 0.442987 0.048253 0.223909
1 0.280098 0.286051 0.065365 0.178241
1 0.871345 0.637547 0.161400 0.284765
0 0.975326 0.342316 0.048798 0.300933
1 0.118757 0.721292 0.215310 0.537737
0 0.774921 0.213930 0.053043 0.226794
