0 0.524424 0.374294 0.333436 0.417399
0 0.721638 0.191712 0.260279 0.335310
0 0.082314 0.772000 0.123935 0.445960
0 0.031412 0.138793 0.062765 0.256606
0 0.509591 0.088837 0.161882 0.177674
1 0.030865 0.234399 0.061700 0.193361
1 0.133858 0.050986 0.057474 0.101971
1 0.403217 0.123500 0.069065 0.188531
0 0.920699 0.111925 0.102339 0.223851
1 0.928612 0.162450 0.107987 0.174244
1 0.337369 0.093549 0.057971 0.160248
1 0.925178 0.171756 0.081684 0.156055
0 0.338927 0.060213 0.058829 0.120426
0 0.142616 0.924190 0.032114 0.148431
0 0.400656 0.099000 0.076431 0.192821
0 0.030693 0.105472 0.060954 0.173676
