0 0.548460 0.485508 0.359302 0.477047
0 0.054409 0.773353 0.108191 0.445665
0 0.493623 0.711120 0.171983 0.526698
1 0.527714 0.830703 0.223089 0.326895
1 0.530903 0.158364 0.067397 0.178401
2 0.912691 0.656476 0.172889 0.648667
0 0.141910 0.104705 0.084427 0.208404
1 0.146347 0.151464 0.083828 0.226788
1 0.453891 0.106875 0.059428 0.185526
0 0.524449 0.099138 0.074115 0.195104
3 0.817917 0.169588 0.352270 0.330133
0 0.453903 0.077419 0.065116 0.154839
3 0.740763 0.204929 0.209825 0.389404
1 0.152225 0.172354 0.067493 0.183381
