3 0.419831 0.421627 0.320279 0.481262
0 0.100573 0.085657 0.191352 0.171315
0 0.678208 0.690638 0.151448 0.379385
1 0.676501 0.817190 0.200832 0.351488
0 0.080648 0.402989 0.160204 0.302816
1 0.805324 0.538193 0.109571 0.283615
1 0.126445 0.761807 0.196061 0.455812
0 0.939442 0.239610 0.120256 0.421327
0 0.080585 0.468683 0.160345 0.434697
1 0.774139 0.506546 0.173979 0.345711
0 0.761687 0.388854 0.138929 0.399348
0 0.375527 0.066153 0.060340 0.118887
1 0.420629 0.421133 0.317551 0.484746
0 0.334916 0.281078 0.067316 0.332188
