5 0.280410 0.580548 0.087674 0.333244
0 0.079321 0.436645 0.157929 0.366403
0 0.278384 0.436611 0.094337 0.420722
0 0.583396 0.275366 0.087287 0.309167
0 0.451000 0.277993 0.083007 0.321027
0 0.905692 0.745477 0.186587 0.482458
0 0.117827 0.712246 0.205142 0.553867
1 0.590191 0.402246 0.081856 0.213813
1 0.174952 0.189581 0.054927 0.152010
0 0.175644 0.123670 0.088313 0.247341
1 0.458887 0.409395 0.081111 0.214572
1 0.117237 0.719730 0.215241 0.541438
1 0.695297 0.149641 0.063030 0.135074
1 0.111426 0.794610 0.220092 0.397161
