0 0.623924 0.216184 0.234404 0.303600
0 0.920401 0.368333 0.157873 0.414106
0 0.462854 0.420393 0.121965 0.351895
0 0.509770 0.096148 0.123145 0.192296
1 0.058039 0.167725 0.087036 0.221275
0 0.481447 0.391646 0.057326 0.147975
0 0.140872 0.078386 0.071862 0.155472
3 0.891446 0.166948 0.215690 0.327299
1 0.147800 0.140507 0.058610 0.162588
0 0.059202 0.109385 0.082513 0.214563
0 0.054790 0.770824 0.108931 0.443457
1 0.316632 0.037266 0.040520 0.074532
1 0.466788 0.507562 0.135294 0.364122
1 0.387050 0.065002 0.061593 0.129761
1 0.471825 0.567154 0.121198 0.242115
