3 0.827339 0.493216 0.343649 0.972611
0 0.068171 0.485580 0.136134 0.542843
0 0.175281 0.462763 0.071999 0.458930
0 0.228710 0.552858 0.114325 0.583402
0 0.454643 0.248008 0.100755 0.295617
0 0.333013 0.355438 0.111251 0.327234
1 0.253270 0.256993 0.070257 0.201974
1 0.344020 0.484102 0.088076 0.233006
1 0.462811 0.377041 0.080401 0.191239
3 0.033810 0.120439 0.066901 0.240877
3 0.163364 0.098132 0.166328 0.195524
0 0.250000 0.133348 0.084292 0.191188
3 0.430423 0.168858 0.168948 0.329423
1 0.338491 0.460809 0.104854 0.278236
