0 0.101797 0.715860 0.167672 0.548950
0 0.080705 0.455342 0.160554 0.407062
0 0.764299 0.393080 0.113352 0.373503
0 0.592688 0.387794 0.100592 0.370997
5 0.240613 0.509731 0.079870 0.300088
1 0.773450 0.559112 0.130947 0.247580
0 0.240192 0.149090 0.081700 0.269910
0 0.820843 0.210940 0.047363 0.205637
0 0.238120 0.387967 0.088730 0.441741
1 0.612197 0.552814 0.096634 0.248250
1 0.118420 0.725277 0.216175 0.530086
0 0.232862 0.081252 0.170549 0.155627
1 0.598890 0.526885 0.124386 0.299652
0 0.256074 0.075372 0.121798 0.147806
