0 0.827109 0.375476 0.344853 0.459730
0 0.379269 0.316314 0.099778 0.318681
0 0.885226 0.107795 0.093669 0.149887
0 0.187844 0.100858 0.063498 0.200174
0 0.117055 0.122914 0.090809 0.244440
1 0.388692 0.459280 0.090394 0.207461
0 0.486761 0.080563 0.069247 0.161125
1 0.339738 0.057195 0.055353 0.114390
0 0.966552 0.204718 0.066081 0.204745
1 0.486515 0.138967 0.067404 0.181654
0 0.924115 0.066721 0.066765 0.133442
0 0.032863 0.108701 0.065505 0.179036
1 0.526161 0.085746 0.034065 0.124536
1 0.132485 0.206768 0.080517 0.191824
0 0.524714 0.055163 0.040300 0.108461
