0 0.091076 0.097604 0.182140 0.195208
0 0.536214 0.701093 0.182126 0.516890
1 0.702587 0.288936 0.108074 0.265404
0 0.918502 0.114307 0.077610 0.228614
1 0.037460 0.390076 0.074920 0.341340
1 0.573031 0.221483 0.099566 0.228804
0 0.577802 0.147914 0.087222 0.271667
0 0.702093 0.206640 0.107890 0.299969
1 0.499463 0.081626 0.053147 0.143453
0 0.967162 0.157984 0.065238 0.217500
0 0.951294 0.412619 0.096483 0.556243
0 0.020800 0.808960 0.041068 0.365485
1 0.384255 0.077752 0.064769 0.154546
1 0.545740 0.882145 0.114993 0.234740
0 0.035999 0.222244 0.071683 0.180437
1 0.953057 0.409987 0.093382 0.561566
3 0.333855 0.407028 0.255225 0.499442
0 0.499517 0.053461 0.054228 0.106495
1 0.916675 0.172768 0.054330 0.132790
1 0.533755 0.800069 0.176847 0.390158
0 0.036139 0.298839 0.072074 0.336028
1 0.917685 0.164315 0.070053 0.149701
