0 0.555625 0.401808 0.329588 0.441213
0 0.893464 0.776848 0.212234 0.425466
0 0.458667 0.062181 0.155818 0.123383
0 0.362522 0.487319 0.123014 0.364654
1 0.371748 0.661216 0.107831 0.256158
0 0.186764 0.070598 0.165556 0.140184
1 0.327894 0.118653 0.052372 0.155981
0 0.325448 0.078354 0.070932 0.156708
3 0.679136 0.110542 0.151285 0.219273
3 0.034229 0.138764 0.067854 0.276470
0 0.034049 0.138524 0.067585 0.276830
1 0.890931 0.841738 0.216987 0.299993
2 0.034153 0.138353 0.067681 0.276707
1 0.361023 0.590062 0.131538 0.394114
