0 0.581254 0.583869 0.437201 0.566629
0 0.109925 0.777957 0.140175 0.433617
0 0.100148 0.169947 0.106532 0.265278
3 0.704910 0.185118 0.277751 0.366400
0 0.916376 0.116539 0.089949 0.233078
0 0.337938 0.106156 0.069310 0.210971
1 0.100402 0.246482 0.109649 0.266732
1 0.345984 0.204847 0.068213 0.146748
0 0.377127 0.044637 0.058751 0.089274
1 0.934716 0.162639 0.089634 0.173663
0 0.170903 0.916962 0.040112 0.166076
3 0.125343 0.063096 0.225262 0.126193
0 0.016858 0.877888 0.033474 0.240112
1 0.926511 0.175186 0.068849 0.151437
0 0.618652 0.042659 0.035613 0.081440
