0 0.305470 0.416344 0.084371 0.423386
0 0.413133 0.210566 0.083487 0.263008
1 0.109196 0.724325 0.216176 0.530717
0 0.183555 0.223944 0.090571 0.285361
0 0.585855 0.189479 0.079543 0.261584
0 0.082026 0.419347 0.163372 0.341930
5 0.322930 0.570043 0.055964 0.253906
1 0.423041 0.311704 0.061333 0.154930
2 0.826132 0.227126 0.284222 0.400071
1 0.183907 0.337433 0.085535 0.162527
0 0.721694 0.350751 0.022962 0.123758
1 0.401018 0.308956 0.105937 0.167409
0 0.229148 0.045456 0.129171 0.090911
0 0.161083 0.216062 0.059577 0.283176
1 0.590406 0.282960 0.088307 0.185746
0 0.307012 0.108069 0.068026 0.214206
0 0.116813 0.045613 0.095276 0.089727
